0
7648
7645
7730
7761
7737
7687
7768
7696
7777
7754
7825
7800
7758
7707
7789
7841
7928
8026
8079
8028
8073
7992
8084
8095
8184
8254
8355
8419
8342
8428
8349
8297
8378
8413
8430
8381
8461
8521
8562
8489
8526
8600
8592
8642
8594
8543
8587
8495
8480
8423
8413
8376
8473
8576
8584
8541
8456
8509
8474
8417
8507
8444
8487
8455
8492
8480
8570
8578
8633
8579
8673
8771
8836
8845
8832
8847
8858
8916
8940
8893
8988
9000
9067
8999
8951
9012
9115
9198
9183
9242
9312
9241
9180
9230
9208
9253
9176
9246
9303
9298
9255
9215
9178
9091
9031
9094
9198
9143
9105
9119
9027
9091
9162
9212
9243
9217
9181
9216
9237
9133
9052
9028
8979
9021
9000
9010
9104
9215
9246
9351
9291
9220
9201
9184
9293
9392
9308
9389
9486
9451
9497
9593
9564
9564
9563
9469
9422
9329
9370
9305
9295
9315
9368
9356
9393
9401
9472
9456
9487
9383
9392
9407
9486
9591
9674
9709
9760
9770
9806
9719
9817
9750
9791
9787
9680
9678
9579
9679
9755
9711
9712
9700
9636
9533
9515
9428
9469
9521
9497
9487
9508
9471
9411
9481
9562
9562
9445
9379
9400
9377
9359
9415
9397
9376
9443
9474
9365
9397
9312
9353
9334
9309
9330
9414
9522
9544
9476
9523
9608
9681
9717
9632
9720
9775
9825
9936
9931
10020
9946
9904
9914
9965
10017
10013
10038
10117
10205
10230
10352
10265
10282
10366
10442
10560
10458
10481
10594
10651
10538
10475
10485
10439
10464
10547
10604
10525
10591
10615
10563
10668
10569
10482
10419
10491
10600
10601
10484
10552
10432
10537
10451
10415
10312
10189
10230
10263
10274
10396
10283
10183
10185
10224
10255
10345
10317
10279
10173
10106
10190
10248
10209
10325
10376
10404
10286
10406
10279
10299
10336
10277
10181
10131
10136
10136
10084
10031
10042
10008
9975
9974
9933
9920
9902
9852
9853
9833
9732
9623
9514
9482
9522
9529
9493
9491
9582
9495
9533
9580
9658
9632
9571
9686
9661
9611
9653
9702
9648
9752
9831
9762
9827
9799
9884
9815
9802
9767
9679
9694
9591
9534
9462
9400
9389
9405
9512
9557
9620
9637
9691
9669
9669
9777
9823
9942
9953
9966
10088
10122
10120
10168
10162
10146
10094
10202
10113
10170
10235
10291
10258
10228
10270
10272
10381
10407
10313
10221
10232
10310
10272
10312
10333
10244
10332
10278
10260
10278
10298
10324
10449
10419
10473
10453
10378
10456
10328
10334
10355
10386
10332
10306
10412
10305
10372
10295
10367
10274
10252
10306
10413
10366
10312
10378
10354
10359
10269
10373
10256
10274
10158
10259
10166
10176
10140
10184
10281
10385
10375
10453
10398
10409
10365
10342
10307
10224
10257
10186
10153
10192
10245
10344
10466
10447
10488
10616
10675
10745
10787
10673
10555
10560
10478
10450
10579
10693
10588
10642
10582
10478
10521
10391
10419
10349
10451
10516
10393
10419
10403
10418
10323
10278
10274
10224
10298
10172
10048
10036
10076
9986
9980
9978
10089
9974
9966
10005
9883
9919
9811
9689
9631
9692
9665
9673
9769
9663
9630
9719
9615
9513
9423
9497
9496
9478